     74 #fff
     23 #000
     21 #007bc7
     19 #ddd
     17 #ccc
     14 #222
     11 #2c73ab
     10 #333
      9 #aaa
      9 #999
      7 #f7f7f7
      7 #eee
      6 rgba(0, 0, 0, 0.2)
      6 #ffffff
      6 #32373c
      5 #fafafa
      5 #cccccc
      5 #bbb
      4 rgb(255,105,0)
      4 rgb(245,245,245)
      4 rgb(0, 0, 0)
      4 #f2f2f2
      4 #888
      4 #777
      4 #666
      4 #3fa5f5
      4 #313131
      4 #0693e3
      4 #01499d
      4 #00d084
      3 rgba(245,252,255, .6)
      3 rgb(0,0,0)
      3 #fcfcfc
      3 #f3f3f3
      3 #444
      3 #3fa6f5
      3 #003
      3 #00286e
      2 rgba(195,195,195,0.3)
      2 rgba(0,0,80,0.9)
      2 rgba(0,0,0,0.05)
      2 rgba(0,0,0,.15)
      2 rgba(0, 50, 130, 0.9)
      2 rgba(0, 0, 0, 0.5)
      2 rgba(0, 0, 0, 0.4)
      2 rgba(0, 0, 0, 0.08)
      2 rgb(74,234,220)
      2 rgb(65,88,208)
      2 rgb(6,147,227)
      2 rgb(51,167,181)
      2 rgb(40,116,252)
      2 rgb(255,245,203)
      2 rgb(255,206,236)
      2 rgb(255,203,112)
      2 rgb(255, 255, 255)
      2 rgb(254,45,45)
      2 rgb(254,248,76)
      2 rgb(254,205,165)
      2 rgb(252,185,0)
      2 rgb(251,105,98)
